Erick
4,0,0,0,0,4,0,0,0,3,0,1,1,0,0,4,0,0,0,0,0,0,0,0,0,5,0,2,4,0,0,0,0,0,0,3,0,3,3,0,0,3,5,0,0,4,0,0,0,0,3,0,0,3,3,0,0,0,0,0,4,0,0,0,5,0,0,0,4,0,0,4,1,3,0,0,0,0,0,0,0,0,0,0,0,0,0,0,0,0,1,2,0,0,3,0,0,5,3,0
Alex
3,0,0,3,0,0,0,0,0,4,0,0,3,0,4,5,0,0,4,0,0,0,0,0,0,0,0,5,5,3,0,0,0,3,3,4,4,0,4,3,0,3,4,0,0,4,0,0,0,0,0,5,3,0,4,4,4,4,0,0,3,0,4,0,0,0,0,4,5,0,2,4,4,4,0,0,0,0,3,0,0,3,4,0,4,0,0,0,4,0,0,5,0,0,0,0,0,0,3,0
Amman
5,0,3,0,0,4,4,3,0,3,0,0,2,4,0,3,0,5,5,0,5,0,3,0,0,5,0,5,5,5,0,0,5,0,3,5,4,0,5,0,0,5,5,0,4,5,0,5,0,0,5,5,0,0,5,0,0,5,0,0,5,0,5,0,5,1,0,5,3,2,1,5,4,0,0,5,5,0,3,0,0,4,5,0,0,0,5,0,0,0,5,0,5,0,5,0,0,4,4,5
Calvin
1,5,0,3,3,0,0,5,0,3,3,2,5,5,0,0,1,1,3,3,3,1,1,2,3,0,0,0,5,0,3,0,0,0,0,4,4,0,3,3,3,1,3,0,0,0,3,3,5,1,5,5,5,1,1,3,4,4,2,5,5,2,5,1,5,0,0,0,4,0,0,0,4,4,4,3,3,2,5,1,2,2,2,5,0,0,0,5,3,5,0,0,5,0,0,1,2,5,0,5
Cam
5,0,0,4,0,0,0,0,0,0,0,0,3,0,0,0,0,0,0,4,0,0,0,0,5,5,0,4,4,5,0,0,0,0,4,0,0,0,5,1,0,4,5,0,0,4,0,0,0,0,5,5,0,0,5,0,0,0,0,0,0,0,0,0,0,0,0,4,0,0,0,5,3,4,0,5,0,0,0,0,0,0,5,0,0,0,0,0,0,0,0,0,4,0,4,0,0,0,4,0
Salim
4,1,4,0,0,5,4,5,0,4,0,0,4,0,0,5,5,4,0,0,0,0,1,0,0,0,0,5,5,4,0,0,5,0,4,5,0,0,5,4,0,5,5,0,0,5,0,4,0,0,5,4,5,0,4,0,0,5,0,4,5,0,0,4,4,0,0,4,5,0,4,5,0,1,0,4,0,0,4,5,0,0,4,5,4,4,0,4,4,0,4,5,5,0,5,0,4,0,0,0
Skywalker
5,0,2,3,0,3,0,2,0,0,0,0,0,0,0,3,0,0,0,0,0,0,0,0,0,0,0,3,4,0,4,0,0,0,0,0,0,0,4,3,0,3,4,0,0,0,3,0,0,0,4,3,0,0,3,0,0,3,0,0,0,0,0,0,0,1,0,3,0,0,1,0,0,3,0,0,0,0,0,0,0,0,0,0,0,0,0,0,0,0,0,0,0,0,3,0,3,0,0,0
jayoo
5,0,0,0,0,4,0,5,0,0,0,0,0,0,0,0,0,0,5,0,0,5,0,0,0,0,0,5,4,0,0,0,0,0,0,0,0,0,5,0,0,4,5,0,4,4,0,0,5,0,5,4,0,0,3,0,0,4,0,0,0,0,0,0,5,0,0,4,0,0,0,5,0,5,0,0,0,0,4,0,0,0,0,0,0,0,0,0,0,0,0,0,0,0,3,0,0,4,0,2
Dong Mei Hou
5,0,3,0,0,5,0,0,0,0,0,0,0,0,0,0,0,0,5,0,0,4,0,0,0,0,0,4,4,5,0,0,5,0,0,0,4,0,5,0,0,3,5,0,0,3,0,0,0,0,4,3,0,0,0,0,0,3,0,0,0,0,0,0,0,0,0,3,0,0,0,5,0,5,0,5,4,0,0,0,0,0,5,0,0,0,5,0,0,0,0,0,0,0,3,0,0,0,0,0
Erin P
3,3,1,0,0,3,0,4,0,4,0,4,4,5,0,3,0,0,0,0,0,0,0,0,4,4,3,3,4,5,0,0,4,0,3,2,5,2,3,0,0,1,2,0,0,5,4,0,0,0,4,3,4,0,4,0,3,3,1,0,0,0,0,0,0,1,0,4,0,0,2,0,0,5,0,0,0,0,0,0,0,4,5,0,0,0,5,0,0,4,0,2,5,0,2,0,3,0,4,0
Paul Serafini
5,0,4,4,5,5,0,4,2,0,0,3,1,0,0,4,0,0,5,4,0,0,0,0,3,3,4,4,4,0,3,0,0,0,4,5,5,0,4,0,0,5,4,0,0,2,4,5,3,0,4,3,3,0,0,3,4,0,0,5,5,0,0,5,5,0,0,3,5,5,0,5,3,5,0,4,5,5,4,0,0,3,5,0,0,0,5,0,4,4,1,4,0,0,4,0,0,4,5,0
Hailey
3,0,0,0,0,0,0,5,0,0,0,0,4,5,5,5,0,0,0,0,0,0,3,0,4,0,0,3,5,4,0,0,5,0,4,0,0,0,3,0,0,2,2,0,0,0,0,0,0,0,4,5,0,0,4,0,0,4,4,4,5,0,0,0,5,0,0,5,0,0,0,0,0,0,0,0,4,0,0,0,0,0,5,0,0,0,4,0,0,4,0,0,4,0,3,0,2,5,0,0
Haohu Shen
4,3,3,2,4,1,0,3,0,5,5,3,2,5,2,4,5,1,0,5,0,3,3,1,3,1,5,4,0,5,5,1,3,4,2,1,5,2,0,2,1,3,0,5,1,0,1,5,4,0,0,3,4,1,5,1,1,0,0,0,0,3,2,3,5,2,2,1,0,1,3,5,3,4,2,4,5,1,4,0,3,3,5,0,3,0,1,3,4,3,0,5,2,1,1,2,5,1,2,1
Jenny
4,0,0,0,0,0,0,0,0,0,0,0,0,0,0,0,0,0,0,0,0,0,0,0,0,0,0,0,5,0,0,0,0,0,0,0,0,0,0,0,0,0,3,0,0,0,0,0,0,0,0,0,5,0,0,0,0,0,0,0,5,0,0,5,0,0,0,5,0,0,0,0,0,5,0,0,0,0,5,0,0,0,0,0,0,0,0,0,0,0,0,0,0,0,0,0,0,0,0,0
Josh
0,0,0,3,0,0,0,0,0,0,0,1,0,0,0,0,0,0,0,0,0,0,0,0,0,0,0,5,0,0,0,0,0,0,0,5,4,0,5,0,0,2,4,0,0,0,0,0,0,0,3,0,0,0,5,0,0,3,0,0,0,0,3,0,0,1,0,0,0,0,2,3,0,0,0,0,0,0,0,3,0,0,0,0,0,0,0,0,0,0,0,0,0,0,5,0,0,0,0,0
Katherine
5,0,3,0,0,0,0,0,0,0,0,3,0,0,0,4,0,0,0,0,0,0,0,0,0,0,0,0,0,0,0,0,0,0,4,0,0,0,4,0,0,5,5,0,0,0,0,0,0,0,5,0,0,0,0,0,0,5,0,0,0,0,0,0,0,0,0,0,0,0,0,4,0,5,0,0,5,0,0,0,0,0,0,0,0,0,0,0,0,0,0,0,0,0,0,5,0,0,0,0
Kathryn
2,0,0,0,0,4,0,0,0,0,0,4,0,0,0,4,0,0,0,0,0,0,0,0,2,0,0,0,0,0,0,0,0,0,5,0,0,0,0,0,0,3,5,0,0,0,0,0,0,0,4,0,0,0,2,0,0,0,0,0,0,0,0,0,0,0,0,0,0,0,1,0,0,0,0,0,0,0,0,0,0,0,0,0,0,0,0,0,0,5,0,0,2,0,3,0,4,0,0,4
Firefly
4,5,3,2,4,3,3,4,4,4,4,3,4,3,4,3,4,2,4,1,0,1,2,3,4,3,5,2,3,4,3,5,2,5,3,3,5,2,1,5,3,2,5,4,0,0,2,3,2,5,4,1,2,3,2,1,5,3,4,2,3,5,1,3,2,4,0,0,0,5,5,4,2,3,4,2,1,4,5,3,4,2,3,1,4,5,2,4,3,1,5,2,3,3,2,2,4,4,4,4
michael
3,0,1,0,0,0,3,3,0,3,0,0,1,0,0,3,3,0,0,0,4,0,0,0,0,0,3,3,4,4,4,0,5,0,3,3,4,4,4,2,0,3,3,0,0,3,0,0,0,0,3,4,3,0,4,0,0,2,0,0,5,0,0,0,4,1,0,4,5,0,1,5,4,3,0,0,0,0,0,3,0,0,4,3,0,0,0,0,0,0,2,0,5,0,3,0,0,4,3,2
Shrek
2,3,1,3,4,5,3,4,2,0,1,2,3,4,5,0,4,3,2,5,3,2,3,4,0,2,4,3,2,1,1,2,5,4,5,3,2,4,1,3,5,3,5,5,4,3,2,0,0,0,0,0,0,1,3,4,5,2,4,5,1,0,2,3,4,0,4,2,4,3,3,1,3,2,5,4,2,1,0,3,2,4,3,0,2,4,3,5,1,3,4,5,0,0,0,0,0,0,0,0
Reeyan Maknojiya
0,4,4,5,0,0,0,5,0,0,0,4,3,0,0,0,0,0,5,0,0,0,0,0,0,0,0,5,5,0,4,0,0,0,0,0,0,4,5,4,0,5,4,0,0,0,0,0,0,0,0,5,4,0,5,0,0,0,0,4,5,0,0,0,4,0,0,5,5,0,0,5,0,0,0,0,0,0,0,3,0,4,0,5,0,0,0,0,0,0,0,0,0,0,4,0,0,5,0,0
Muiz Muhammad
5,0,0,0,0,5,0,0,0,0,0,0,2,0,0,0,0,0,0,0,0,0,0,0,3,0,0,4,0,0,0,0,0,0,0,0,0,1,5,0,0,5,5,0,0,0,0,0,0,0,4,3,2,0,1,0,0,0,0,0,0,0,0,0,0,0,0,0,0,0,0,1,0,0,0,0,0,0,5,0,0,0,0,0,0,0,0,0,0,0,0,0,0,0,5,0,0,0,0,0
siddhant
1,3,2,0,5,3,1,1,3,1,2,0,5,5,2,0,5,2,0,5,0,4,3,2,0,2,4,4,0,1,2,4,4,2,5,1,1,0,1,5,0,0,2,2,2,4,2,2,0,4,5,0,5,0,5,3,3,4,1,4,4,0,5,3,2,0,0,4,5,1,3,2,3,0,0,3,5,3,1,2,5,4,5,3,0,0,0,2,1,1,5,3,5,1,1,5,1,3,0,3
Peter
1,2,3,4,5,4,3,2,1,1,2,3,4,5,5,5,3,2,1,2,3,4,5,4,3,2,1,1,2,5,5,4,3,2,1,2,3,4,5,4,5,0,0,0,0,0,0,0,0,0,3,3,4,5,5,4,0,5,0,2,3,4,5,4,3,2,2,3,3,4,5,4,3,2,1,2,3,4,5,5,4,3,2,2,4,4,2,2,2,3,4,4,3,3,4,5,4,3,3,4
Anonymous
4,0,2,3,0,0,0,4,0,4,0,3,2,4,4,5,0,0,4,0,0,0,4,0,0,5,0,4,4,0,0,0,0,0,4,0,0,5,5,0,0,5,5,0,0,0,0,0,0,0,5,0,0,0,4,0,4,4,0,5,4,0,0,0,4,3,0,0,0,0,1,4,4,0,0,5,4,0,5,3,0,0,4,0,0,4,5,0,0,4,4,0,5,0,3,0,5,4,0,4
Firoz Lakhani
1,1,4,3,5,3,2,4,3,5,4,1,1,0,4,4,4,2,1,2,4,1,4,0,1,1,0,3,1,0,4,0,0,1,2,0,3,2,1,1,3,5,4,4,4,0,2,3,1,2,4,3,3,4,0,3,3,5,3,1,3,3,5,5,3,3,5,3,2,5,0,4,4,2,2,1,4,5,0,0,5,5,4,0,4,5,2,2,5,4,4,2,1,1,3,3,3,0,2,0
Edrick Jia Hong Lin
5,4,5,0,0,0,0,5,0,4,0,0,1,0,5,0,0,0,0,0,0,0,0,0,0,0,3,5,5,4,0,0,5,0,0,0,0,0,5,4,0,5,4,0,0,0,0,0,0,0,5,5,4,0,4,0,0,3,0,0,0,0,0,0,0,3,0,5,0,0,1,5,0,0,0,0,4,0,5,5,0,4,4,0,0,0,0,0,0,0,0,0,5,0,4,0,0,0,0,0
Yihan
5,0,5,0,0,3,0,5,0,0,0,4,4,0,2,0,0,0,0,0,0,0,0,0,0,0,0,5,5,0,0,0,0,0,3,0,0,0,5,0,0,5,5,0,0,0,0,0,0,0,5,5,0,0,3,0,0,5,0,0,0,0,0,0,0,4,0,4,0,0,5,0,0,0,0,5,0,0,0,0,0,0,0,0,0,0,0,0,3,4,5,0,0,0,5,0,0,0,0,0
Benjamin
3,4,0,5,0,0,0,3,0,1,0,1,0,0,0,5,0,0,5,0,0,0,0,0,2,5,0,4,5,4,0,0,5,0,0,5,5,0,3,0,0,0,4,0,0,5,0,5,0,0,2,3,5,0,4,0,0,0,0,0,0,0,3,0,5,0,0,3,0,0,0,4,4,3,0,0,0,0,2,2,1,0,1,5,0,4,0,0,0,0,0,0,0,0,5,0,0,0,1,0
steve
1,0,1,0,0,0,0,3,0,3,0,0,5,0,0,0,0,0,0,0,3,0,0,0,0,0,0,5,3,4,0,0,0,0,0,0,0,0,2,0,0,5,1,0,0,0,0,0,0,0,0,5,0,0,5,0,0,2,0,0,0,0,0,0,0,0,0,5,0,0,1,4,0,0,0,0,0,0,0,3,0,0,4,0,0,0,0,0,2,0,0,0,0,0,0,0,0,0,0,0
Anonymous
3,5,0,2,0,3,1,5,5,0,0,0,5,1,0,5,5,0,3,0,0,4,0,0,5,1,5,5,5,5,4,0,4,0,5,0,0,0,4,0,0,4,4,0,0,1,0,3,0,0,3,5,0,5,3,0,0,4,0,0,3,0,0,0,5,0,3,3,4,0,0,5,0,2,0,5,4,0,5,0,0,0,4,0,0,0,0,5,0,4,5,3,3,0,2,0,0,5,3,0
Brittany Pysar
4,4,1,4,0,3,0,4,0,0,0,4,4,0,5,5,0,0,0,5,0,0,4,0,4,1,4,4,3,5,0,0,4,0,4,2,3,4,3,1,5,0,4,0,0,4,3,0,0,0,4,5,4,5,5,0,4,4,0,0,4,0,0,0,4,0,0,3,0,0,0,4,4,4,0,0,0,0,5,4,0,0,4,5,0,4,4,0,0,4,0,0,5,0,1,0,4,5,3,4
Nate
4,0,0,3,5,0,0,0,0,0,0,0,0,0,0,4,4,0,0,0,0,0,0,0,0,0,5,0,4,0,5,0,0,4,0,4,5,0,4,0,0,2,5,0,2,1,0,2,0,0,5,0,1,0,0,4,0,3,0,0,4,0,0,0,4,0,0,0,5,3,0,3,4,5,0,0,0,0,0,0,0,2,0,4,0,0,0,0,0,2,0,0,0,0,3,0,0,5,4,0
Priyavart
5,2,3,2,1,2,3,3,2,3,3,4,2,2,3,2,3,2,2,4,2,3,2,3,2,2,5,2,3,1,3,2,2,3,3,2,2,2,4,2,3,2,3,3,2,2,5,2,2,2,2,3,2,3,2,2,4,2,3,2,5,2,0,0,2,3,2,2,5,3,2,3,4,2,5,2,3,2,3,3,2,3,3,2,3,2,4,3,2,5,3,3,2,2,1,3,2,1,1,3
Harrison
3,0,2,0,0,0,0,4,0,3,0,2,0,0,0,4,0,0,0,0,0,0,0,1,0,0,2,3,4,0,0,0,0,0,0,3,4,0,2,3,0,3,2,0,0,0,0,4,0,0,2,0,0,0,5,0,0,0,0,0,4,0,0,0,4,0,0,0,0,0,0,0,0,0,0,0,0,0,0,0,0,0,0,0,0,0,0,0,0,0,0,0,0,0,0,0,0,0,0,0
Orion
4,0,5,5,0,1,0,5,0,5,0,0,1,0,0,5,4,0,5,0,0,0,0,0,0,0,0,5,5,0,0,0,5,0,0,5,4,5,5,0,0,4,5,0,0,0,0,0,0,0,5,5,4,0,5,0,0,4,0,4,5,0,0,0,5,0,0,4,0,0,0,3,5,4,0,0,0,0,5,0,0,0,3,0,0,5,5,0,0,0,0,0,0,0,5,0,0,0,5,0
Eungyo Song
5,0,4,0,0,0,0,5,0,3,0,0,0,0,0,4,0,0,5,0,0,0,0,0,0,0,0,0,4,0,3,0,0,0,0,4,5,4,5,0,0,5,5,0,0,0,0,0,5,0,5,0,5,0,4,0,0,0,0,0,5,0,0,0,0,0,0,0,0,0,0,5,0,0,0,0,5,0,0,0,0,0,0,0,0,0,0,0,0,4,0,0,0,0,0,0,0,5,4,0
reee
1,2,3,4,2,0,4,1,2,5,3,4,2,3,4,3,3,3,3,3,3,4,4,4,4,4,4,4,4,4,2,2,2,2,2,3,3,3,3,3,3,3,3,3,3,3,3,3,4,4,4,1,1,2,2,2,2,2,2,2,3,3,4,4,4,4,4,3,3,3,3,3,3,3,3,3,3,3,3,3,3,3,3,3,3,3,3,3,3,3,3,3,4,4,1,3,2,3,3,3
Renji
5,0,0,0,0,0,0,4,0,0,0,5,3,0,0,5,0,0,0,0,0,0,0,0,0,0,0,5,5,3,0,0,0,5,0,0,0,0,4,0,0,0,5,0,0,0,0,0,0,0,4,5,0,0,5,0,0,0,0,0,5,0,0,0,0,0,0,5,0,0,0,4,0,0,0,0,0,0,0,0,0,0,0,5,0,0,0,0,0,0,0,0,0,0,4,0,0,0,0,0
Anon
5,0,0,0,0,0,0,0,0,0,0,0,0,0,0,0,0,0,0,0,0,0,0,0,0,0,0,4,0,0,0,0,0,0,0,0,4,0,3,0,0,3,3,0,0,0,0,0,0,0,4,0,0,0,0,0,0,0,0,0,0,0,0,0,0,0,0,0,0,0,0,0,0,0,0,0,0,0,0,0,0,0,0,0,0,0,0,0,0,0,0,0,0,0,2,0,0,0,0,0
Sammy
0,0,0,5,0,0,0,0,0,0,0,0,4,0,0,0,0,0,0,0,0,0,0,0,0,0,0,5,5,0,0,0,0,0,2,0,0,0,0,0,0,5,0,0,0,0,0,0,0,0,0,5,0,0,5,0,0,0,0,0,0,0,0,0,0,0,0,5,0,0,0,0,0,0,0,0,0,0,0,0,0,0,0,2,0,0,0,0,0,0,0,0,0,0,0,0,0,0,0,0
Suhaib Tariq
5,0,0,4,0,0,0,5,0,1,0,3,3,0,2,5,0,4,5,0,0,0,0,0,4,3,0,5,5,5,5,0,5,0,0,3,4,0,5,0,0,4,5,0,0,4,0,5,0,0,5,5,0,5,5,0,0,4,1,1,5,0,0,0,5,1,0,1,5,0,0,5,1,4,0,0,0,0,0,0,0,0,5,5,0,1,0,0,0,0,0,0,5,0,0,0,0,5,0,3
Afnan
0,0,5,3,1,1,1,5,0,0,0,4,5,0,4,1,0,2,5,2,2,1,1,1,0,0,0,5,5,5,0,0,5,0,0,0,0,0,5,1,0,5,5,3,2,2,0,0,0,0,5,0,0,0,5,0,3,0,0,5,5,0,0,3,5,1,1,5,5,0,0,5,0,0,0,0,0,0,0,5,0,0,5,5,0,5,3,0,0,1,0,0,5,0,2,0,0,0,5,5
HighDistortion
0,3,1,1,0,3,0,5,0,2,0,1,1,0,0,5,0,0,5,0,0,0,3,0,0,0,5,5,5,0,0,0,5,0,5,0,5,0,5,0,0,5,5,0,0,1,0,5,0,0,5,5,0,0,5,0,2,0,1,5,0,0,0,5,2,1,0,5,5,0,1,5,5,0,0,0,5,0,5,0,0,5,5,0,0,0,0,0,0,2,2,0,5,0,5,0,0,5,5,0
Vivian
0,0,0,0,0,3,0,0,0,0,0,3,0,0,0,4,0,0,0,0,0,0,0,0,0,0,0,5,3,0,0,0,0,0,4,0,0,0,4,0,0,3,4,0,0,0,0,0,0,0,5,5,0,0,0,0,0,4,0,0,0,0,0,0,0,0,0,4,0,0,0,0,0,0,0,0,5,0,0,0,0,0,0,0,0,0,0,0,0,0,0,0,0,0,3,0,0,0,0,0
Ratings for Vivil
4,0,3,0,0,0,0,0,0,0,0,0,0,0,0,0,0,0,0,0,0,0,0,0,0,0,0,0,4,0,0,0,0,0,0,0,0,0,4,0,0,4,4,0,0,0,0,0,0,0,5,0,0,0,0,0,0,3,0,0,5,0,0,3,0,0,0,0,0,0,1,0,0,0,0,0,5,0,0,0,0,0,0,3,0,0,0,0,0,0,3,0,0,0,5,0,0,0,0,0
mohsin
0,0,5,4,0,0,0,5,0,0,0,5,2,0,4,0,4,1,5,0,0,2,0,3,0,5,1,4,1,0,0,0,3,0,3,4,5,0,3,4,0,0,3,0,3,0,3,5,0,0,4,5,4,0,5,0,0,3,0,3,5,0,0,0,5,3,0,1,4,5,0,4,0,0,0,0,0,0,0,0,0,4,5,5,0,0,5,4,1,4,0,0,0,0,0,0,0,5,0,0
